{
 "cells": [
  {
   "cell_type": "code",
   "execution_count": 1,
   "metadata": {},
   "outputs": [],
   "source": [
    "import pandas as pd"
   ]
  },
  {
   "cell_type": "code",
   "execution_count": 8,
   "metadata": {},
   "outputs": [],
   "source": [
    "df=pd.read_csv(\"spotify.csv\")"
   ]
  },
  {
   "cell_type": "code",
   "execution_count": 9,
   "metadata": {},
   "outputs": [
    {
     "data": {
      "text/html": [
       "<div>\n",
       "<style scoped>\n",
       "    .dataframe tbody tr th:only-of-type {\n",
       "        vertical-align: middle;\n",
       "    }\n",
       "\n",
       "    .dataframe tbody tr th {\n",
       "        vertical-align: top;\n",
       "    }\n",
       "\n",
       "    .dataframe thead th {\n",
       "        text-align: right;\n",
       "    }\n",
       "</style>\n",
       "<table border=\"1\" class=\"dataframe\">\n",
       "  <thead>\n",
       "    <tr style=\"text-align: right;\">\n",
       "      <th></th>\n",
       "      <th>Unnamed: 0</th>\n",
       "      <th>Beats per minute</th>\n",
       "      <th>Energy</th>\n",
       "      <th>Danceability</th>\n",
       "      <th>Loudness(in db)</th>\n",
       "      <th>Liveness</th>\n",
       "      <th>Length(seconds)</th>\n",
       "      <th>Speechiness</th>\n",
       "      <th>Positivity</th>\n",
       "      <th>Popularity</th>\n",
       "    </tr>\n",
       "  </thead>\n",
       "  <tbody>\n",
       "    <tr>\n",
       "      <th>Unnamed: 0</th>\n",
       "      <td>1.000000</td>\n",
       "      <td>0.073033</td>\n",
       "      <td>0.169256</td>\n",
       "      <td>0.065912</td>\n",
       "      <td>0.126483</td>\n",
       "      <td>0.205656</td>\n",
       "      <td>-0.160972</td>\n",
       "      <td>0.006643</td>\n",
       "      <td>0.130626</td>\n",
       "      <td>-0.313674</td>\n",
       "    </tr>\n",
       "    <tr>\n",
       "      <th>Beats per minute</th>\n",
       "      <td>0.073033</td>\n",
       "      <td>1.000000</td>\n",
       "      <td>0.249641</td>\n",
       "      <td>-0.267712</td>\n",
       "      <td>0.146231</td>\n",
       "      <td>0.139327</td>\n",
       "      <td>-0.078129</td>\n",
       "      <td>0.356196</td>\n",
       "      <td>0.118553</td>\n",
       "      <td>-0.038221</td>\n",
       "    </tr>\n",
       "    <tr>\n",
       "      <th>Energy</th>\n",
       "      <td>0.169256</td>\n",
       "      <td>0.249641</td>\n",
       "      <td>1.000000</td>\n",
       "      <td>-0.053185</td>\n",
       "      <td>0.812707</td>\n",
       "      <td>0.308413</td>\n",
       "      <td>-0.229985</td>\n",
       "      <td>-0.015288</td>\n",
       "      <td>0.549539</td>\n",
       "      <td>-0.226610</td>\n",
       "    </tr>\n",
       "    <tr>\n",
       "      <th>Danceability</th>\n",
       "      <td>0.065912</td>\n",
       "      <td>-0.267712</td>\n",
       "      <td>-0.053185</td>\n",
       "      <td>1.000000</td>\n",
       "      <td>0.135421</td>\n",
       "      <td>-0.132534</td>\n",
       "      <td>-0.215240</td>\n",
       "      <td>0.163593</td>\n",
       "      <td>0.328999</td>\n",
       "      <td>0.255474</td>\n",
       "    </tr>\n",
       "    <tr>\n",
       "      <th>Loudness(in db)</th>\n",
       "      <td>0.126483</td>\n",
       "      <td>0.146231</td>\n",
       "      <td>0.812707</td>\n",
       "      <td>0.135421</td>\n",
       "      <td>1.000000</td>\n",
       "      <td>0.230411</td>\n",
       "      <td>-0.296109</td>\n",
       "      <td>-0.118596</td>\n",
       "      <td>0.447701</td>\n",
       "      <td>-0.054690</td>\n",
       "    </tr>\n",
       "    <tr>\n",
       "      <th>Liveness</th>\n",
       "      <td>0.205656</td>\n",
       "      <td>0.139327</td>\n",
       "      <td>0.308413</td>\n",
       "      <td>-0.132534</td>\n",
       "      <td>0.230411</td>\n",
       "      <td>1.000000</td>\n",
       "      <td>-0.304028</td>\n",
       "      <td>0.121947</td>\n",
       "      <td>0.037814</td>\n",
       "      <td>-0.512338</td>\n",
       "    </tr>\n",
       "    <tr>\n",
       "      <th>Length(seconds)</th>\n",
       "      <td>-0.160972</td>\n",
       "      <td>-0.078129</td>\n",
       "      <td>-0.229985</td>\n",
       "      <td>-0.215240</td>\n",
       "      <td>-0.296109</td>\n",
       "      <td>-0.304028</td>\n",
       "      <td>1.000000</td>\n",
       "      <td>-0.123525</td>\n",
       "      <td>-0.094550</td>\n",
       "      <td>0.018299</td>\n",
       "    </tr>\n",
       "    <tr>\n",
       "      <th>Speechiness</th>\n",
       "      <td>0.006643</td>\n",
       "      <td>0.356196</td>\n",
       "      <td>-0.015288</td>\n",
       "      <td>0.163593</td>\n",
       "      <td>-0.118596</td>\n",
       "      <td>0.121947</td>\n",
       "      <td>-0.123525</td>\n",
       "      <td>1.000000</td>\n",
       "      <td>0.193543</td>\n",
       "      <td>0.127075</td>\n",
       "    </tr>\n",
       "    <tr>\n",
       "      <th>Positivity</th>\n",
       "      <td>0.130626</td>\n",
       "      <td>0.118553</td>\n",
       "      <td>0.549539</td>\n",
       "      <td>0.328999</td>\n",
       "      <td>0.447701</td>\n",
       "      <td>0.037814</td>\n",
       "      <td>-0.094550</td>\n",
       "      <td>0.193543</td>\n",
       "      <td>1.000000</td>\n",
       "      <td>0.092032</td>\n",
       "    </tr>\n",
       "    <tr>\n",
       "      <th>Popularity</th>\n",
       "      <td>-0.313674</td>\n",
       "      <td>-0.038221</td>\n",
       "      <td>-0.226610</td>\n",
       "      <td>0.255474</td>\n",
       "      <td>-0.054690</td>\n",
       "      <td>-0.512338</td>\n",
       "      <td>0.018299</td>\n",
       "      <td>0.127075</td>\n",
       "      <td>0.092032</td>\n",
       "      <td>1.000000</td>\n",
       "    </tr>\n",
       "  </tbody>\n",
       "</table>\n",
       "</div>"
      ],
      "text/plain": [
       "                  Unnamed: 0  Beats per minute    Energy  Danceability  \\\n",
       "Unnamed: 0          1.000000          0.073033  0.169256      0.065912   \n",
       "Beats per minute    0.073033          1.000000  0.249641     -0.267712   \n",
       "Energy              0.169256          0.249641  1.000000     -0.053185   \n",
       "Danceability        0.065912         -0.267712 -0.053185      1.000000   \n",
       "Loudness(in db)     0.126483          0.146231  0.812707      0.135421   \n",
       "Liveness            0.205656          0.139327  0.308413     -0.132534   \n",
       "Length(seconds)    -0.160972         -0.078129 -0.229985     -0.215240   \n",
       "Speechiness         0.006643          0.356196 -0.015288      0.163593   \n",
       "Positivity          0.130626          0.118553  0.549539      0.328999   \n",
       "Popularity         -0.313674         -0.038221 -0.226610      0.255474   \n",
       "\n",
       "                  Loudness(in db)  Liveness  Length(seconds)  Speechiness  \\\n",
       "Unnamed: 0               0.126483  0.205656        -0.160972     0.006643   \n",
       "Beats per minute         0.146231  0.139327        -0.078129     0.356196   \n",
       "Energy                   0.812707  0.308413        -0.229985    -0.015288   \n",
       "Danceability             0.135421 -0.132534        -0.215240     0.163593   \n",
       "Loudness(in db)          1.000000  0.230411        -0.296109    -0.118596   \n",
       "Liveness                 0.230411  1.000000        -0.304028     0.121947   \n",
       "Length(seconds)         -0.296109 -0.304028         1.000000    -0.123525   \n",
       "Speechiness             -0.118596  0.121947        -0.123525     1.000000   \n",
       "Positivity               0.447701  0.037814        -0.094550     0.193543   \n",
       "Popularity              -0.054690 -0.512338         0.018299     0.127075   \n",
       "\n",
       "                  Positivity  Popularity  \n",
       "Unnamed: 0          0.130626   -0.313674  \n",
       "Beats per minute    0.118553   -0.038221  \n",
       "Energy              0.549539   -0.226610  \n",
       "Danceability        0.328999    0.255474  \n",
       "Loudness(in db)     0.447701   -0.054690  \n",
       "Liveness            0.037814   -0.512338  \n",
       "Length(seconds)    -0.094550    0.018299  \n",
       "Speechiness         0.193543    0.127075  \n",
       "Positivity          1.000000    0.092032  \n",
       "Popularity          0.092032    1.000000  "
      ]
     },
     "execution_count": 9,
     "metadata": {},
     "output_type": "execute_result"
    }
   ],
   "source": [
    "df.corr()"
   ]
  },
  {
   "cell_type": "code",
   "execution_count": 4,
   "metadata": {},
   "outputs": [],
   "source": [
    "df1=df.corr()"
   ]
  },
  {
   "cell_type": "code",
   "execution_count": 6,
   "metadata": {},
   "outputs": [],
   "source": [
    "df1.to_excel(\"corr.xlsx\")"
   ]
  },
  {
   "cell_type": "code",
   "execution_count": null,
   "metadata": {},
   "outputs": [],
   "source": []
  }
 ],
 "metadata": {
  "kernelspec": {
   "display_name": "Python 3",
   "language": "python",
   "name": "python3"
  },
  "language_info": {
   "codemirror_mode": {
    "name": "ipython",
    "version": 3
   },
   "file_extension": ".py",
   "mimetype": "text/x-python",
   "name": "python",
   "nbconvert_exporter": "python",
   "pygments_lexer": "ipython3",
   "version": "3.8.3"
  }
 },
 "nbformat": 4,
 "nbformat_minor": 4
}
